   5.9140000e+01
   7.8000000e+01
   5.9140000e+01
  -7.8000000e+01
   3.7980000e+01
  -9.0220000e+01
  -9.7120000e+01
  -1.2220000e+01
  -9.7120000e+01
   1.2220000e+01
   3.7980000e+01
   9.0220000e+01
   8.3140000e+01
   3.0000000e+00
   8.3140000e+01
  -3.0000000e+00
  -3.8970000e+01
  -7.3500000e+01
  -4.4170000e+01
  -7.0500000e+01
  -4.4170000e+01
   7.0500000e+01
  -3.8970000e+01
   7.3500000e+01
  -1.0000000e+02
   1.0000000e+02
  -1.0000000e+02
   1.0000000e+02
  -1.0000000e+02
   1.0000000e+02
  -1.0000000e+02
   1.0000000e+02
  -1.0000000e+02
   1.0000000e+02
  -2.0000000e+02
   2.0000000e+02
   1.0000000e+02
   1.1689100e+02
   1.6210600e+02
   1.1689000e+02
   1.6210400e+02
   1.1689100e+02
   0.0000000e+00
   0.0000000e+00
  -4.0000000e+01
   0.0000000e+00
   0.0000000e+00
   0.0000000e+00
